'1':
  X1: -154.7
  Y2: 89.9
  Z3: 115.8
  rcx: 4.693402
  rcy: 24.957539
  rcz: 6.806008
  cex: 4.709919
  cey: 24.942831
  cez: 7.504840
'2':
  X1: -78.5
  Y2: 89.9
  Z3: -168.1
  rcx: 6.889700
  rcy: 18.712633
  rcz: 6.951908
  cex: 6.909209
  cey: 18.700440
  cez: 7.542840